297614
8
3 3 5 3 2 3 3 18
34
17 14
WWWWWWWWWWWWWW
W____________W
W_O__________W
W_O___O_OO___W
W_O______O_O_W
W_O______O_O_W
W_OOOOOOOO___W
W_O_O________W
W_OO__OOOOOO_W
W_OO_________W
W__O_________W
W__O____O____W
W__OO________W
W_OOO________W
W__O_________W
W____________W
WWWWWWWWWWWWWW
2
0 13 8
1 13 5
8
0 9 5
1 14 1
2 15 4
3 14 5
4 11 5
5 10 5
6 13 7
7 1 8
8
1 8
3 11
5 1
5 3
5 12
12 4
14 2
14 4
0 0 0 0 0 0 0 0
16
17 14
WWWWWWWWWWWWWW
W____________W
W_O___O_OO___W
WO_______O___W
WO_______O___W
W_OO_________W
W_OO_OOOOO_O_W
W_O______O___W
W_OO_OOOOOOO_W
W_OO_________W
W__OO________W
W__O____O____W
W__O_________W
W_OOO________W
W__O_________W
W____________W
WWWWWWWWWWWWWW
2
0 4 4
1 4 4
17
0 9 9
1 3 3
2 3 4
3 11 1
4 12 1
5 6 4
6 5 4
7 15 4
8 14 4
9 14 5
10 12 5
11 9 5
12 8 4
13 10 1
14 9 1
15 13 1
16 7 1
8
5 1
7 1
11 5
11 11
14 4
14 6
14 10
15 10
0 0 0 0 0 0 0 0
