261233
8
6 3 6 6 1 2 4 21
16
17 14
WWWWWWWWWWWWWW
W____________W
W____O_______W
W__O_________W
W__O____OOO__W
W__O___O_____W
W__O__OO_____W
W__O__OO_____W
WO____OOOOO__W
W__O___O_____W
W_O___OO_____W
W__O_OOO_O___W
W__O__O__O___W
W__O_________W
W_OOOO___O___W
W____________W
WWWWWWWWWWWWWW
2
0 10 3
1 6 11
16
0 4 11
1 11 4
2 10 4
3 9 4
4 8 4
5 10 5
6 10 1
7 8 3
8 8 2
9 9 10
10 9 11
11 11 10
12 15 5
13 1 3
14 1 2
15 1 1
8
3 10
11 1
11 2
12 5
13 9
14 1
14 8
15 10
0 0 0 2 0 0 0 0
12
17 14
WWWWWWWWWWWWWW
W____________W
W__O_____O___W
W__O_________W
W__O_O__O_O__W
W__O___O_____W
W__O__OO_____W
W__O__OO_____W
W__O__OOOOOO_W
W__O___O_____W
W__O__OO_____W
W__O__OO_O___W
W__O__O__O___W
W__O_________W
W_OOOO___O___W
W____________W
WWWWWWWWWWWWWW
2
0 4 6
1 5 6
14
0 9 12
1 10 1
2 14 1
3 8 1
4 9 1
5 12 1
6 13 1
7 11 1
8 4 1
9 5 1
10 5 2
11 7 1
12 11 2
13 13 2
8
1 1
3 10
5 10
8 2
11 1
13 10
14 1
14 10
0 0 0 0 0 10 0 0
