182974
8
7 6 5 3 4 2 3 11
9
17 14
WWWWWWWWWWWWWW
W____________W
W____OO__OOO_W
W__OOOOO_OO__W
W______O_OO__W
W_O____O_O___W
W___O____O___W
W___O____O___W
W___O___OO___W
WO_______OOO_W
W__OO____OO__W
W_O_O____OO__W
W___O____O__OW
W___________OW
W_________O__W
W____________W
WWWWWWWWWWWWWW
2
0 11 8
1 12 10
13
0 7 7
1 9 8
2 9 7
3 8 7
6 9 6
7 8 6
8 6 7
9 6 8
10 7 8
11 4 8
14 11 11
15 2 2
16 1 2
8
1 8
1 11
2 7
2 12
4 1
4 5
9 12
13 12
0 0 0 3 0 0 0 2
14
17 14
WWWWWWWWWWWWWW
W____________W
W______O_OOO_W
W__OOOOOOOO__W
W______O_OO__W
W__O___O_O___W
W___O____O___W
W___O____O___W
W___O____O___W
W___O_____OO_W
W_OOO____OO__W
W___O____OO__W
W___O____OO__W
W_________O__W
W_________O__W
W____________W
WWWWWWWWWWWWWW
2
0 8 1
1 12 12
24
0 1 3
1 14 9
2 2 1
3 5 1
4 4 1
5 6 2
6 6 1
7 3 1
8 4 2
9 1 1
10 1 4
11 1 5
12 1 6
13 5 12
14 5 2
15 8 12
16 11 12
17 12 11
18 10 12
19 7 12
20 3 12
21 1 11
22 1 10
23 1 12
8
1 8
1 11
2 12
3 12
8 12
9 12
12 1
15 9
0 0 4 0 0 0 0 0
