175426
8
5 3 6 4 1 3 4 9
38
17 14
WWWWWWWWWWWWWW
W_______O____W
W_OO___O_____W
W_O_OOO__O_O_W
W_OO____OO___W
W_O_O___OO___W
W_O_O_____O__W
W_O_O____O___W
W_O_O________W
W_O_O________W
W_O_O______O_W
W_________OO_W
W____O_____O_W
W______O___O_W
W__O________OW
W___________OW
WWWWWWWWWWWWWW
2
0 4 4
1 2 8
29
0 7 8
1 6 6
2 9 1
3 7 6
4 10 5
5 4 6
6 5 5
7 4 5
8 6 5
9 8 5
10 7 5
11 11 4
12 10 1
13 8 1
14 7 10
15 4 11
16 5 11
17 2 9
18 2 10
19 1 10
20 1 9
21 1 6
22 1 4
23 7 1
24 4 1
25 2 1
26 3 1
27 1 7
28 2 6
8
1 6
1 9
1 12
3 3
4 12
12 2
13 12
15 1
0 0 0 1 0 0 0 0
30
17 14
WWWWWWWWWWWWWW
W____________W
W_OOOO_______W
W_O__OO__O_O_W
W_O_____OO___W
W_O_O__OOO___W
W_O_O________W
W_O____OO_O__W
W_O__O_______W
W_OOO________W
WO____O____O_W
W__________O_W
W__________O_W
W_______OOOO_W
W______O___O_W
W____________W
WWWWWWWWWWWWWW
2
0 8 4
1 14 10
21
0 9 6
1 4 6
2 4 7
3 3 7
4 4 5
5 1 6
6 2 7
7 1 7
8 5 5
9 4 3
10 2 6
11 15 8
12 15 7
13 1 5
14 1 4
15 1 3
16 1 2
17 2 1
18 4 1
19 8 1
20 9 1
8
1 4
1 7
4 1
4 4
11 3
11 6
14 9
15 12
0 0 0 1 0 8 0 0
