250471
8
3 3 5 3 2 3 3 18
36
17 14
WWWWWWWWWWWWWW
W____________W
W_O_____OO___W
W_O___O__O___W
W_O______O___W
W_O____O_____W
W_OOOOOOOO_O_W
W_O______O___W
W_OO_OOOOO_O_W
W_OO_________W
W__O______O__W
W_______O____W
WO_O_________W
W_OOO________W
W__O_________W
W____________W
WWWWWWWWWWWWWW
2
0 14 10
1 8 1
8
0 10 2
1 14 7
2 11 3
3 15 3
4 15 2
5 11 2
6 4 1
7 7 1
8
1 1
1 8
5 1
7 5
7 8
8 12
12 5
12 9
0 0 0 0 0 0 0 0
16
17 14
WWWWWWWWWWWWWW
W____________W
W_O___O_OO___W
W_O______O___W
WO_______O___W
W_OO_________W
W_OO_OOOOO_O_W
W_O______O___W
W_OO_OOOOOOO_W
W_OO_________W
W__OO________W
W__O____O____W
W__O_________W
W_OOO________W
W__O_________W
W____________W
WWWWWWWWWWWWWW
2
0 3 3
1 7 4
18
0 9 11
1 1 3
2 1 2
3 7 1
4 8 1
5 9 5
6 9 4
7 14 1
8 9 1
9 10 1
10 12 1
11 14 2
12 15 4
13 14 4
14 13 5
15 11 5
16 6 1
17 11 2
8
5 1
7 1
11 5
11 11
14 4
14 6
14 10
15 10
0 0 0 0 0 0 0 0
