249425
8
3 6 5 6 3 3 4 29
36
17 14
WWWWWWWWWWWWWW
W____________W
W_______O____W
W____________W
W___O___OO__OW
W____O__O____W
W_OOOO_OO____W
W_OOO__OO____W
W___OOOOOO___W
W_O_O________W
W_O__OOO_____W
WOO__O_O_____W
W_O____O_____W
W________O___W
W________OO__W
W_O__________W
WWWWWWWWWWWWWW
2
0 4 10
1 12 1
9
0 11 3
1 2 10
2 3 9
3 1 8
4 13 2
5 13 3
6 3 10
7 13 1
8 14 1
8
1 2
3 7
5 11
9 5
9 10
10 12
15 2
15 12
0 0 0 0 0 0 0 0
9
17 14
WWWWWWWWWWWWWW
W____________W
W_______O____W
W_______O____W
W___O___O____W
W___O___O____W
W_OOOO_OO____W
W_OOO__OOO___W
W___OOOOO_O__W
W_O_O________W
W_O__O_O_____W
W_O__O__O____W
W_O___O______W
W_O____O_O___W
W_O______OO__W
W____________W
WWWWWWWWWWWWWW
2
0 6 9
1 4 10
18
0 6 10
1 7 11
2 9 11
3 9 9
4 4 11
5 2 10
6 3 11
7 12 8
8 1 8
9 1 2
10 14 3
11 14 4
12 14 1
13 15 3
14 15 1
15 6 1
16 8 1
17 9 1
8
3 2
7 1
10 4
11 1
11 3
12 1
13 1
13 4
3 0 0 0 0 0 0 0
