243255
8
3 6 3 3 2 2 4 12
30
17 14
WWWWWWWWWWWWWW
W____________W
W________O___W
W______O_____W
W______OO__O_W
W__OOOOO___O_W
W___OO_O___O_W
W___OO_O___O_W
W___OO_____O_W
W____O___O___W
W____O_______W
W_OOOOOO____OW
W_______O____W
W__OOOOOO____W
W_____O______W
W____________W
WWWWWWWWWWWWWW
2
0 10 10
1 12 9
10
0 6 12
1 9 10
2 14 7
3 15 7
4 15 6
5 15 5
6 14 5
7 14 4
8 14 3
9 15 4
8
2 1
2 2
3 3
4 4
4 5
4 12
12 4
15 1
0 0 0 0 0 0 0 0
20
17 14
WWWWWWWWWWWWWW
W____________W
W______O_____W
W________O___W
W______O___O_W
W__OOOOOOO___W
W___OO_O___O_W
W___OOO____O_W
W___OO_____O_W
W___O___O__O_W
W_O__________W
W_OOOOOO___O_W
W____________W
W__OOOOO_O___W
W_____O______W
W____________W
WWWWWWWWWWWWWW
2
0 4 8
1 10 4
15
0 1 9
1 2 9
2 10 6
3 10 7
4 10 8
5 11 8
6 12 8
7 6 3
8 7 3
9 6 2
10 9 1
11 9 3
12 8 3
13 10 3
14 15 6
8
1 10
2 3
4 5
10 1
12 4
12 11
14 10
15 1
0 0 0 0 0 0 0 0
