237425
8
1 5 3 7 3 4 4 24
34
17 14
WWWWWWWWWWWWWW
W____________W
W____________W
W____________W
W____________W
W____________W
W_____O__O___W
W_O_O_O_OOO__W
W___O_OOO____W
W_O_O_OOOO___W
W_O_O__OO____W
W_O_O__OO_OO_W
W_O_O_OOO____W
W_O_O__O_____W
W_O_OO_O_____W
W____________W
WWWWWWWWWWWWWW
2
0 13 5
1 14 11
14
0 7 5
1 6 5
2 5 5
3 13 11
4 14 9
5 6 3
6 6 2
7 13 6
8 14 6
9 6 1
10 15 2
11 3 12
12 1 2
13 1 1
8
1 7
2 6
5 7
5 8
10 1
13 1
15 2
15 6
0 0 0 0 0 0 0 0
14
17 14
WWWWWWWWWWWWWW
W____________W
W____________W
W____________W
W____________W
W____O___O___W
W____________W
W_O_O_OOO_O__W
W__O__OOO____W
W_O_O_OOO____W
W_O_O_OOOO___W
W_O_O__OO___OW
W_O_OO_OO_O__W
W_O_O_____O__W
W_O_O__O_____W
W____________W
WWWWWWWWWWWWWW
2
0 8 4
1 13 12
17
0 11 11
1 5 6
2 4 6
3 6 6
4 3 6
5 9 11
6 5 4
7 12 6
8 6 4
9 6 3
10 6 2
11 6 1
12 13 3
13 7 1
14 9 1
15 10 1
16 12 1
8
1 7
1 12
3 7
8 3
9 10
11 3
14 9
15 11
0 0 0 2 0 0 0 0
