205748
8
4 4 4 4 2 4 3 14
36
17 14
WWWWWWWWWWWWWW
W____________W
W____________W
W____________W
W_O__________W
W____________W
W__OOOOO___O_W
W__O__OOO__O_W
W_____OOO____W
W___OOO_OO___W
W_O_OOO______W
W___OOOOOOO__W
W____OO_OOOO_W
W_O____O_O___W
W_O_______O__W
W____________W
WWWWWWWWWWWWWW
2
0 14 9
1 9 7
17
0 10 9
1 10 10
2 9 10
3 6 10
4 8 10
5 7 10
6 5 10
7 4 10
8 10 7
9 10 8
10 14 8
11 1 9
12 1 8
13 2 8
14 1 5
15 1 4
16 1 3
8
1 4
1 6
5 2
10 4
10 11
11 2
13 1
13 10
0 0 0 1 0 0 0 0
18
17 14
WWWWWWWWWWWWWW
W____________W
W____________W
W____________W
W_O__________W
W______O_____W
W__OOOO____O_W
W_______O__O_W
W_____O_O____W
W_OOOOOOOO___W
W__O_O_O_____W
W___OOOOOOO__W
W____OO_OOOO_W
W_O___O_O____W
W_O_______O__W
W____________W
WWWWWWWWWWWWWW
2
0 10 8
1 14 8
20
0 5 10
1 6 10
2 3 10
3 2 10
4 4 10
5 2 11
6 1 11
7 3 11
8 8 10
9 1 10
10 1 9
11 1 8
12 1 7
13 1 5
14 1 4
15 1 3
16 2 2
17 1 2
18 2 3
19 1 1
8
1 6
1 8
3 2
4 12
7 4
10 4
10 7
13 4
0 0 3 0 0 1 0 0
