282183
8
4 5 7 5 5 2 3 29
34
17 14
WWWWWWWWWWWWWW
W____________W
W_O__________W
W_O__________W
W_OO______O__W
W___OO____O__W
W___OO___OOO_W
W___OO___OOO_W
W___O_____O__W
W___O_____O__W
W___O____OO__W
W___O_O______W
W____________W
W_OO__OOOOOO_W
W_____OOOOO__W
W____________W
WWWWWWWWWWWWWW
2
0 12 12
1 11 7
18
0 6 7
1 7 7
2 8 7
3 10 3
4 2 7
5 3 7
6 1 7
7 11 3
8 12 3
9 9 3
10 8 3
11 5 3
12 10 12
13 1 3
14 1 6
15 2 6
16 1 2
17 2 1
8
1 11
2 7
4 1
6 1
6 3
6 7
8 1
11 2
0 0 0 0 0 1 0 0
36
17 14
WWWWWWWWWWWWWW
W____________W
W_O__________W
W_O__________W
W_O__O_____O_W
W___OO____O__W
W___OO___OOO_W
W___OO__OOOO_W
W___O_______OW
W___O______O_W
W_O_______O__W
W___O____O___W
W____________W
W_OO__OOOOOO_W
W_____OOOOO__W
W____________W
WWWWWWWWWWWWWW
2
0 7 7
1 8 11
18
0 4 7
1 5 7
2 6 7
3 7 6
4 2 7
5 4 8
6 8 6
7 4 6
8 3 7
9 8 7
10 1 7
11 10 8
12 11 8
13 12 9
14 1 6
15 1 4
16 14 1
17 15 10
8
1 9
1 11
4 1
6 1
6 3
8 7
11 3
12 12
0 0 0 0 0 0 0 0

