155167
8
4 3 6 4 3 2 3 30
34
17 14
WWWWWWWWWWWWWW
W_______O____W
W___O_OOO__O_W
W_________O__W
W___O_____O__W
W___OOO_O____W
W___OOOOOOOO_W
W___O___O____W
W_O__________W
W___O___O____W
W___O________W
W____OOO_O__OW
W__OOO____O__W
W_O__________W
W______OO__O_W
W____________W
WWWWWWWWWWWWWW
2
0 4 8
1 15 3
12
0 6 3
1 5 3
2 14 3
3 12 6
4 3 6
5 3 8
6 14 2
7 15 2
8 13 3
9 13 4
10 15 4
11 8 9
8
2 2
7 6
8 12
12 2
12 6
12 7
14 2
15 11
0 0 0 2 0 0 0 0
10
17 14
WWWWWWWWWWWWWW
W____________W
W___O_OOO_O__W
W_________O__W
W_________O__W
W___OOOOO____W
W___OOOOOOOO_W
W___O___O____W
W___O________W
W___O________W
W___O________W
W____OOO_OO__W
W_OOOO_______W
W____________W
W______OO__O_W
W____________W
WWWWWWWWWWWWWW
2
0 4 11
1 4 11
21
0 6 12
1 5 12
2 7 12
3 7 11
4 8 11
5 4 9
6 3 9
7 4 12
8 5 9
9 4 2
10 12 8
11 5 10
12 7 9
13 7 10
14 9 1
15 12 1
16 13 3
17 13 1
18 13 2
19 14 2
20 15 1
8
7 7
8 3
10 1
10 2
12 1
12 6
12 11
15 4
0 0 0 3 0 1 0 0
