277455
8
6 5 4 6 2 4 2 12
24
17 14
WWWWWWWWWWWWWW
W____________W
W____O_______W
W______O_OO__W
W______OO____W
W____________W
W_OOOOOO_O___W
W______O__O__W
W______O_____W
W______O__O__W
W_OOO___OOOO_W
W_O_______OO_W
W_O_______O__W
W_OO_OOOOOO__W
W_O_______O__W
W____________W
WWWWWWWWWWWWWW
2
0 6 8
1 8 1
10
0 9 5
1 7 1
2 7 4
3 7 3
4 7 5
5 7 2
6 8 4
7 8 5
8 12 4
9 14 7
8
2 8
8 2
8 8
9 5
11 9
14 6
15 1
15 3
0 0 0 0 0 0 0 0
20
17 14
WWWWWWWWWWWWWW
W____________W
W____O_____O_W
W______O____OW
W__O_________W
W______O__O__W
W__OOOOOOO___W
W______O_____W
W______O_____W
W______O__O__W
W_OOO___OOOO_W
W_O_______OO_W
W_O_______O__W
W_OO_OOOOOO__W
W_O_______O__W
W____________W
WWWWWWWWWWWWWW
2
0 2 10
1 4 4
12
0 14 6
1 7 3
2 5 4
3 7 4
4 8 3
5 6 2
6 7 5
7 7 6
8 9 6
9 10 7
10 14 4
11 15 3
8
4 2
5 2
8 2
9 5
11 9
14 6
15 1
15 3
0 0 0 0 0 0 0 0
