273791
8
7 7 4 6 3 4 2 25
28
17 14
WWWWWWWWWWWWWW
W____________W
W____________W
W______O_O___W
W_____O______W
W__OOOOOO____W
W__OOOO_O____W
W_____O______W
W_OOOOOO_O___W
W_____O______W
W_________O__W
W_OO_________W
W_OOOOO____O_W
W_OOOOOOO____W
W___O________W
W____________W
WWWWWWWWWWWWWW
2
0 11 7
1 2 5
12
0 2 10
1 10 7
2 9 3
3 10 5
4 9 4
5 10 4
6 10 3
7 9 1
8 1 5
9 6 2
10 7 3
11 14 3
8
1 3
2 2
2 3
10 2
12 1
13 1
14 6
15 8
0 0 0 0 0 0 0 0
16
17 14
WWWWWWWWWWWWWW
W____________W
W____________W
W_____O______W
W_____O_O____W
W__OOOO______W
W__OOOO__O_O_W
W_____OO_____W
W_OOOOOO_OO__W
W_____O______W
W____________W
W_OO_________W
W_OOOOO______W
W_OOOOOOO____W
W___O______O_W
W____________W
WWWWWWWWWWWWWW
2
0 4 10
1 13 11
14
0 10 11
1 3 10
2 10 9
3 8 8
4 10 7
5 2 4
6 2 3
7 10 4
8 2 2
9 13 9
10 4 2
11 14 1
12 15 5
13 7 4
8
4 3
7 5
10 1
10 2
11 6
14 5
14 11
15 4
0 0 2 0 0 0 0 0
