255610
8
8 6 4 6 3 2 4 9
36
17 14
WWWWWWWWWWWWWW
W__________OOW
W___O__OO____W
W___O__O_____W
W_____OO__O__W
W________O___W
W______OOO_O_W
W__________O_W
W_O__O__O__O_W
W____O____OO_W
W____OOO__OO_W
W____O_O_OOO_W
W____OOO__OO_W
W_________OO_W
W____________W
W____________W
WWWWWWWWWWWWWW
2
0 12 12
1 15 8
42
0 7 6
1 9 9
2 5 12
3 4 12
4 6 12
5 11 12
6 10 12
7 9 4
8 7 5
9 11 4
10 6 5
11 8 4
12 13 5
13 10 4
14 13 4
15 12 3
16 12 4
17 13 7
18 13 6
19 14 12
20 14 5
21 14 8
22 14 4
23 14 6
24 14 3
25 15 9
26 13 8
27 14 7
28 5 5
29 4 5
30 5 4
31 3 5
32 2 5
33 1 4
34 1 8
35 2 11
36 1 10
37 2 10
38 1 3
39 2 3
40 1 5
41 1 2
8
1 3
3 8
3 10
7 7
8 9
8 10
9 12
13 5
0 0 0 0 0 9 0 0
66
17 14
WWWWWWWWWWWWWW
W_______O____W
W___O__O___O_W
W____O_____O_W
W___O_____OO_W
W____O___O___W
W______OOOOO_W
W________O_O_W
W_____O____O_W
W____O_____O_W
W____OOOO_OO_W
W____O____OO_W
WO___OOOO_OO_W
W___O______O_W
W____________W
W____________W
WWWWWWWWWWWWWW
2
0 2 2
1 1 5
27
0 1 6
1 3 6
2 4 6
3 4 3
4 9 9
5 10 9
6 11 9
7 2 6
8 3 3
9 5 6
10 7 3
11 6 3
12 5 2
13 6 6
14 6 1
15 5 3
16 3 7
17 4 7
18 3 8
19 2 8
20 1 9
21 4 12
22 8 12
23 8 8
24 13 10
25 13 9
26 10 12
8
3 4
4 7
8 10
10 9
12 3
13 6
15 10
15 12
0 0 0 0 0 9 0 0
