237475
8
3 3 5 3 2 3 3 18
26
17 14
WWWWWWWWWWWWWW
W________O___W
W_O_____O____W
W_O___O___O__W
W_O______O___W
W_O______O__OW
W_OOOOOOOO___W
W_O_O________W
W_OO__OOOOO__W
W_OO_________W
W__O_________W
W__O____O____W
W__O_________W
W_OO_O_______W
W__OO________W
W__________O_W
WWWWWWWWWWWWWW
2
0 13 4
1 13 10
9
0 9 5
1 15 4
2 15 5
3 12 6
4 14 6
5 15 3
6 13 1
7 2 6
8 1 2
8
5 1
5 3
7 1
9 9
11 1
13 1
14 1
14 4
0 0 0 0 0 0 0 0
18
17 14
WWWWWWWWWWWWWW
W____________W
W_O___O_OO___W
W_O______O___W
WO_______O___W
W_OO_________W
W_OO_OOOOO_O_W
W_O______O___W
W_OOO_OOOOOO_W
W_OO_________W
W__O_________W
W__O_____O___W
W__O_O_______W
W_OOO________W
W__O_________W
W____________W
WWWWWWWWWWWWWW
2
0 4 3
1 11 8
13
0 9 9
1 1 3
2 1 2
3 7 1
4 8 1
5 11 5
6 15 2
7 9 1
8 15 3
9 15 4
10 14 5
11 12 6
12 6 1
8
5 1
7 1
11 11
14 1
14 4
14 6
14 10
15 10
0 0 0 0 0 0 0 0
