184585
8
2 3 7 5 4 2 4 20
24
17 14
WWWWWWWWWWWWWW
W___O________W
W_O__O_______W
W_OO_________W
W______OOOO__W
W____________W
W___________OW
W_O__________W
W_O______O_OOW
W_O__________W
W_O__________W
W_OO_________W
W_OO_OOOOO___W
W_OO____OOO__W
W__OOOOOOOO_OW
W__________O_W
WWWWWWWWWWWWWW
2
0 2 4
1 9 12
18
0 4 6
1 5 6
2 5 5
3 4 5
4 5 8
5 6 10
6 6 8
7 7 10
8 4 3
9 4 2
10 14 1
11 9 11
12 15 2
13 4 1
14 9 1
15 12 1
16 8 1
17 15 6
8
1 1
2 1
2 7
5 4
5 7
14 1
15 3
15 12
0 0 0 0 0 8 0 0
29
17 14
WWWWWWWWWWWWWW
W____________W
W_O__________W
W_OOOOO______W
W______OOOO__W
W____________W
W____________W
W_O__________W
W_O______OOO_W
W_O__________W
W_O_______O__W
W_OO_________W
W_OO_O_OOO___W
W_OO__O_OO___W
W__OOOOOOOOO_W
W____________W
WWWWWWWWWWWWWW
2
0 12 6
1 12 6
20
0 9 6
1 11 6
2 9 7
3 10 6
4 5 6
5 6 1
6 10 8
7 7 6
8 11 7
9 11 8
10 11 10
11 8 6
12 11 5
13 6 6
14 6 3
15 10 1
16 15 12
17 11 1
18 1 4
19 1 6
8
1 1
2 1
5 7
9 12
14 1
15 3
15 10
15 12
0 0 1 0 0 0 0 0
