281930
8
6 5 6 4 2 3 3 25
25
17 14
WWWWWWWWWWWWWW
W____________W
W____________W
W____________W
W________OO__W
W______O_O___W
W______O__O__W
W____OOOOOO__W
W____O_______W
W_O____O_____W
W____O_O_OOO_W
W____OOO___O_W
W_OOOOOOO_OO_W
W____O_OO_O__W
W____O_OO____W
W____________W
WWWWWWWWWWWWWW
2
0 9 11
1 9 4
12
0 9 6
1 7 11
2 8 10
3 8 9
4 9 8
5 13 2
6 5 3
7 10 3
8 7 3
9 10 2
10 11 4
11 14 6
8
2 12
3 4
6 9
9 9
13 1
13 6
15 2
15 9
0 0 0 1 0 1 0 0
6
17 14
WWWWWWWWWWWWWW
W____________W
W____________W
W____________W
W_____O__OOO_W
W________O___W
W_______O____W
W____O_OOOOO_W
W____O___O_O_W
W____OOO_____W
W____O_O__O__W
W____OOO_OO__W
W_OOOOOOO___OW
W____O_OO____W
W____O_OO____W
W____________W
WWWWWWWWWWWWWW
2
0 4 7
1 9 11
16
0 12 9
1 3 6
2 2 6
3 14 9
4 15 7
5 5 2
6 5 1
7 9 9
8 9 8
9 9 10
10 8 8
11 1 9
12 11 1
13 5 12
14 12 1
15 13 2
8
1 9
1 10
1 11
3 7
5 11
8 10
9 12
10 2
0 0 1 0 0 3 1 0
