289067
8
6 5 4 7 3 2 4 27
26
17 14
WWWWWWWWWWWWWW
W____________W
W________O___W
W_O__________W
WO___________W
W_O___O______W
W_O_______O__W
W_O_OO_O_____W
W_O__________W
W_OO_________W
W__O______O__W
W_OOOOO___O__W
W__O__O___OO_W
W__O_OOOOOOO_W
W_____OOOOOO_W
W____________W
WWWWWWWWWWWWWW
2
0 4 2
1 9 6
14
0 3 3
1 4 3
2 14 12
3 10 1
4 2 1
5 12 1
6 12 2
7 11 1
8 9 1
9 14 2
10 14 3
11 14 4
12 14 5
13 5 1
8
1 1
4 1
13 4
14 2
14 4
15 1
15 2
15 8
0 0 0 0 0 0 0 0
28
17 14
WWWWWWWWWWWWWW
W____________W
W______O_____W
W_O____O_____W
W_O__________W
W_O__________W
W_O__OO______W
W_O_O__O_____W
W_O__________W
W_OOO________W
W__O______O__W
W_OO_OO___O__W
W__O__O___OO_W
W__O_OOOOOOO_W
W_____OOOOOO_W
W____________W
WWWWWWWWWWWWWW
2
0 11 11
1 10 11
13
0 4 11
1 6 10
2 6 11
3 1 11
4 5 11
5 8 11
6 15 8
7 7 11
8 3 6
9 2 5
10 2 1
11 3 1
12 5 1
8
3 4
4 12
5 4
7 11
7 12
8 1
12 9
15 8
0 0 0 0 0 0 0 0
