268937
8
4 6 5 5 4 3 4 30
22
17 14
WWWWWWWWWWWWWW
W____________W
W____O_______W
W____O____OO_W
W_O________O_W
W____O_O_O_O_W
W______OO__O_W
W______O_O___W
W_____OOOOOO_W
W______O_O___W
W______O_O___W
W_____OO_OOO_W
W____O___O___W
W_______OO___W
W___OO___O___W
W______OO____W
WWWWWWWWWWWWWW
2
0 14 8
1 8 3
13
0 13 5
1 13 6
2 4 7
3 13 7
4 1 2
5 3 3
6 4 1
7 3 2
8 2 2
9 14 7
10 12 7
11 12 8
12 7 12
8
4 12
5 12
6 12
11 2
12 1
12 2
12 8
12 10
0 0 0 2 0 0 0 0
21
17 14
WWWWWWWWWWWWWW
W____________W
W____O_______W
W_______O__O_W
W_O________O_W
W______O_OOO_W
W______OO__O_W
W_____OO___O_W
W____OOOOOOO_W
W______O_OO__W
W______O_O___W
W______O_O___W
W________O___W
W_______OO_O_W
W___OOOOOOO__W
W____________W
WWWWWWWWWWWWWW
2
0 1 5
1 7 12
16
0 2 4
1 3 4
2 5 4
3 6 4
4 2 1
5 8 4
6 1 4
7 9 4
8 9 6
9 9 5
10 3 6
11 11 6
12 12 7
13 12 8
14 11 8
15 9 8
8
4 8
6 9
9 6
11 5
12 1
12 3
12 5
14 3
0 0 1 0 0 0 0 0
