175407
8
7 4 3 4 1 4 4 12
32
17 14
WWWWWWWWWWWWWW
W____________W
W____________W
W____________W
W_O________O_W
W_O_____O____W
W_O_______OO_W
W_OOO_____OO_W
W_OOO_____OO_W
W_OOO_____OO_W
W_OOO_____O__W
W_OO_________W
W_OO_O_______W
W__O_O_______W
W_____O__OOO_W
W____________W
WWWWWWWWWWWWWW
2
0 15 6
1 15 6
28
0 12 7
1 8 7
2 10 7
3 11 6
4 13 7
5 9 7
6 7 7
7 11 7
8 10 6
9 6 7
10 14 7
11 9 8
12 15 7
13 11 4
14 12 6
15 14 4
16 15 5
17 14 5
18 5 7
19 4 7
20 3 7
21 1 9
22 7 1
23 8 1
24 1 1
25 2 1
26 1 11
27 1 2
8
1 9
4 3
7 1
8 1
11 1
13 1
14 1
15 2
0 0 0 4 0 0 0 0
20
17 14
WWWWWWWWWWWWWW
W____________W
W____________W
W___O________W
W__O______O__W
W____O______OW
W____O_O__OO_W
W_OO______OO_W
W_OOO_____OO_W
W_OOO_____OO_W
W_OOO_____O__W
W_OO_________W
W_OO_________W
W__O__O______W
W_____O_OOOO_W
W____________W
WWWWWWWWWWWWWW
2
0 14 5
1 2 7
24
0 7 8
1 3 9
2 2 9
3 5 9
4 10 8
5 2 8
6 3 8
7 5 4
8 1 8
9 3 7
10 6 8
11 4 9
12 13 1
13 7 9
14 4 4
15 4 11
16 8 9
17 6 9
18 2 10
19 12 11
20 15 10
21 15 9
22 15 12
23 15 11
8
2 5
5 10
7 6
9 12
10 5
13 2
14 1
15 8
0 0 0 2 0 7 0 0
