115328
8
5 6 6 6 5 3 4 14
16
17 14
WWWWWWWWWWWWWW
W____________W
W________O_O_W
W_O______O___W
W__OOOO_O____W
WO___OO______W
W_OO___OO____W
WO___________W
W_____OO_____W
W____OOO_____W
W__OOOOO_O___W
W_OOOOO______W
W_OO_________W
W_O______OO__W
W________OO__W
W____________W
WWWWWWWWWWWWWW
2
0 13 12
1 2 5
19
0 6 5
1 5 4
2 11 10
3 6 4
4 7 8
5 5 3
6 7 10
7 7 7
8 5 7
9 8 8
10 6 9
11 4 7
12 8 9
13 3 7
14 2 7
15 3 6
16 3 5
17 2 6
18 4 9
8
1 8
4 12
5 8
5 9
5 12
6 5
7 10
8 9
0 0 0 0 0 16 0 0
38
17 14
WWWWWWWWWWWWWW
W______O_____W
W_______O____W
W________O___W
W_OOOOOOO____W
W____O_______W
W_OOOO__O____W
W______O_____W
W_O__________W
WO___OOO_____W
W__OOOOO_O___W
W_OOOOO_O____W
W__O__O______W
W________OO__W
W________OO__W
W____________W
WWWWWWWWWWWWWW
2
0 1 11
1 5 6
32
0 7 9
1 8 6
2 8 7
3 7 10
4 9 3
5 9 2
6 10 2
7 8 10
8 12 1
9 9 4
10 7 6
11 6 6
12 8 3
13 8 4
14 9 10
15 7 3
16 7 5
17 7 4
18 7 2
19 7 1
20 6 1
21 10 10
22 8 5
23 5 1
24 4 1
25 3 1
26 2 1
27 3 2
28 1 1
29 12 9
30 12 8
31 13 5
8
2 2
2 4
5 1
7 3
8 1
8 2
9 2
12 5
0 0 0 0 0 0 0 0
