273295
8
7 3 6 7 3 2 3 22
32
17 14
WWWWWWWWWWWWWW
W______O_____W
W_____O______W
W_O_O________W
W_O_OOOOO____W
W_O_O________W
W_OOOOOOOOOO_W
W_O__________W
W_O_______OO_W
W____OOO_____W
W_____O______W
W_OOOOOO_____W
W_____O______W
W_____O______W
W_____O__O___W
W____________W
WWWWWWWWWWWWWW
2
0 2 8
1 10 7
20
0 2 10
1 9 11
2 2 11
3 7 8
4 8 9
5 7 7
6 10 9
7 11 9
8 15 8
9 12 8
10 3 8
11 3 7
12 3 6
13 3 5
14 2 4
15 8 4
16 10 1
17 12 1
18 12 4
19 13 3
8
1 2
1 3
5 6
6 1
10 5
12 2
14 1
15 8
0 0 0 0 0 1 0 0
38
17 14
WWWWWWWWWWWWWW
W_O__________W
W__________O_W
W_____O______W
W_OOOOOOO____W
W_O_OO___O___W
W_OOOO___OOO_W
W_O________O_W
W_O______O___W
W____OO___O__W
W_____O_O____W
W_OOOOOO_____W
W_____O______W
W_____O______W
W_____O__O___W
W____________W
WWWWWWWWWWWWWW
2
0 2 3
1 9 8
17
0 1 7
1 1 9
2 2 9
3 2 6
4 6 8
5 7 8
6 7 4
7 8 4
8 6 1
9 9 3
10 11 9
11 14 7
12 15 7
13 12 1
14 15 6
15 12 3
16 12 4
8
1 1
2 1
9 9
13 5
13 11
13 12
14 2
15 8
0 0 0 0 0 1 0 0
