262014
8
7 5 7 5 2 2 2 22
24
17 14
WWWWWWWWWWWWWW
W____________W
W____O__O__OOW
W___OOOO_____W
W______O_____W
W_OOOOOO_____W
W______O__O__W
W______O__OO_W
W______O_____W
W____________W
W___O____O___W
W___O________W
W_O__OOOO____W
W_OO_O__OO___W
W_O__OOO_____W
W_________O_OW
WWWWWWWWWWWWWW
2
0 14 12
1 13 12
14
0 9 12
1 8 12
2 12 11
3 14 11
4 12 12
5 11 12
6 10 11
7 1 10
8 8 6
9 1 8
10 9 7
11 6 2
12 6 1
13 4 3
8
3 2
4 5
7 1
9 9
11 1
11 6
12 3
14 4
0 0 0 0 0 0 0 0
28
17 14
WWWWWWWWWWWWWW
W____________W
W____O_____O_W
W___OOOOOO___W
W______O_____W
W_OOOOOO_____W
W______O__O__W
WO________OO_W
W_______O____W
W____________W
W_____O_O____W
WO___________W
W_O__OOO_OO__W
W_OO_O_______W
W_O__OOOOO___W
W__________O_W
WWWWWWWWWWWWWW
2
0 9 7
1 9 6
12
0 8 6
1 11 7
2 10 4
3 9 4
4 7 5
5 6 5
6 7 6
7 6 1
8 5 8
9 4 8
10 1 2
11 4 10
8
3 2
3 12
4 1
4 9
6 3
7 1
9 11
10 7
0 0 0 0 0 0 0 0

