107272
8
4 6 3 7 3 3 4 18
33
17 14
WWWWWWWWWWWWWW
W_O__________W
W____O____OO_W
W__O_OO_OOO__W
W__O_____OO__W
W__O__O___O__W
W__O__OOOOOO_W
W__O__O__O___W
W__OO____OO__W
W____OO__O___W
W________O___W
W___O____O___W
W___O____O___W
W________O_O_W
W____________W
W____________W
WWWWWWWWWWWWWW
2
0 1 6
1 2 9
18
0 1 3
1 3 7
2 1 4
3 12 8
4 4 12
5 1 7
6 2 8
7 1 8
8 1 9
9 1 12
10 1 11
11 5 12
12 6 12
13 7 12
14 8 12
15 9 12
16 12 12
17 13 10
8
2 5
9 3
10 11
13 10
13 12
14 8
15 5
15 10
0 0 0 0 0 7 0 0
27
17 14
WWWWWWWWWWWWWW
W____________W
W_______O_OO_W
W____OO_O_O__W
W__OO_O___O__W
W__O__O___O__W
W_OO_OOOOOOO_W
W__O__O__O___W
W__O_OO__OO__W
W_O______O___W
W________O___W
W___O_O____O_W
W___O____O___W
W________O___W
W____________W
W____________W
WWWWWWWWWWWWWW
2
0 8 4
1 10 11
27
0 9 5
1 9 4
2 5 1
3 4 1
4 2 1
5 1 1
6 3 1
7 1 2
8 1 3
9 7 12
10 9 11
11 9 6
12 11 9
13 8 11
14 7 11
15 6 12
16 5 12
17 1 6
18 1 9
19 4 12
20 1 11
21 1 12
22 1 10
23 2 9
24 4 9
25 4 7
26 5 7
8
1 9
2 12
5 5
7 4
8 7
10 1
11 12
12 3
0 0 0 0 0 3 0 0
