267590
8
3 7 4 7 2 2 2 9
36
17 14
WWWWWWWWWWWWWW
W____________W
W_O_O_____O__W
W_O______OO__W
W_______OOO__W
W__O_O___OO__W
W________OO__W
W__O____OOO__W
W____O___OO__W
W________O___W
W_____OO_____W
W__OO___O_O__W
W__OO_OOOO___W
W__O______O__W
W__OOO_______W
W____O_______W
WWWWWWWWWWWWWW
2
0 13 5
1 3 4
18
0 8 6
1 6 7
2 9 6
3 13 11
4 5 4
5 4 2
6 10 2
7 9 10
8 3 5
9 3 3
10 4 3
11 1 9
12 3 11
13 1 10
14 1 11
15 1 12
16 15 3
17 6 12
8
1 1
1 6
1 9
1 10
3 8
6 3
8 1
15 7
0 0 0 0 0 0 0 0
32
17 14
WWWWWWWWWWWWWW
W___________OW
W____________W
WO_______OO__W
W_____O_OOO__W
WOO__OOO_OO__W
W________OO__W
W___O____OO__W
W________OO__W
W_______O____W
W_______O_O__W
W__O_O__O____W
W__OOO_OOO___W
W__O____O____W
W__OO_O_O____W
W____________W
WWWWWWWWWWWWWW
2
0 13 6
1 4 1
18
0 2 10
1 9 6
2 9 5
3 10 6
4 10 5
5 10 4
6 10 2
7 11 2
8 14 7
9 5 11
10 8 11
11 9 11
12 10 11
13 11 10
14 10 9
15 12 11
16 13 11
17 6 12
8
8 11
9 3
10 3
11 2
13 2
14 9
14 11
15 3
0 0 1 0 0 0 0 0
