283997
8
1 3 3 4 2 2 2 11
26
17 14
WWWWWWWWWWWWWW
W____________W
W___O_OOO____W
WO___OOOOO___W
W_____O_O____W
W___O_O______W
W_OOOOOOOOOO_W
W___O_O______W
W___O________W
W___O________W
W_OOOO_______W
W_OOOOOO_____W
W________O___W
W____________W
W_O__________W
W____________W
WWWWWWWWWWWWWW
2
0 1 1
1 6 1
9
0 1 5
1 1 3
2 1 2
3 2 2
4 1 9
5 1 10
6 3 10
7 2 10
8 4 10
8
1 7
2 10
4 11
5 8
7 7
9 8
10 10
13 3
0 0 0 0 0 0 0 0
18
17 14
WWWWWWWWWWWWWW
W____________W
W_____OOO____W
W__OO_OOOO___W
W_____OOO____W
W___OOO______W
W_OOOOO_OOOO_W
W___O_O______W
W___O________W
W___O________W
W_OOOO_______W
W_OOOOOO_____W
W________O___W
W____________W
W_O__________W
W____________W
WWWWWWWWWWWWWW
2
0 3 5
1 2 9
13
0 2 10
1 1 3
2 2 3
3 2 2
4 6 1
5 9 1
6 12 2
7 13 4
8 13 5
9 14 5
10 14 6
11 15 5
12 15 6
8
5 11
6 1
8 1
8 9
8 12
9 1
13 7
15 4
0 0 0 0 0 0 0 0
