84702
8
2 6 5 3 1 3 3 21
14
17 14
WWWWWWWWWWWWWW
W__O_________W
W__________OOW
W_______O____W
W_O__O_____O_W
W___O_O_O_OO_W
W_O___O____O_W
W_O___O___OO_W
W_OOO_O__O_O_W
W_O___O____OOW
W__________O_W
WOO___O____O_W
W_____O______W
W__OO_O__O___W
W____________W
W_______O____W
WWWWWWWWWWWWWW
2
0 10 12
1 5 5
39
0 12 10
1 11 7
2 8 5
3 10 4
4 12 11
5 11 12
6 9 4
7 9 5
8 9 7
9 10 7
10 9 8
11 10 5
12 10 10
13 11 10
14 10 6
15 11 9
16 3 6
17 10 8
18 7 7
19 3 7
20 6 7
21 9 9
22 8 7
23 8 8
24 13 5
25 11 8
26 10 9
27 10 3
28 13 10
29 14 5
30 5 3
31 6 3
32 3 3
33 9 3
34 3 5
35 4 12
36 5 12
37 6 12
38 8 12
8
1 2
1 7
2 5
4 4
4 9
5 1
7 12
9 7
0 0 0 2 0 20 0 0
4
17 14
WWWWWWWWWWWWWW
W__________O_W
W____________W
WO___________W
W_OOO_O__O_O_W
W______O__OOOW
W_________OO_W
W_O___O_O__O_W
W_O___O___O__W
W_OO____O____W
W_OO_______O_W
W_OOO_____O__W
W_____O____O_W
W_O___O__O___W
W______O_____W
W________OO__W
WWWWWWWWWWWWWW
2
0 11 11
1 6 12
40
0 10 6
1 9 10
2 9 9
3 10 5
4 8 11
5 11 5
6 6 7
7 10 7
8 8 9
9 10 9
10 6 6
11 8 7
12 6 8
13 6 5
14 9 7
15 6 4
16 6 9
17 9 5
18 3 8
19 12 9
20 12 8
21 10 8
22 8 8
23 13 11
24 13 10
25 9 11
26 4 8
27 4 7
28 1 8
29 3 7
30 12 12
31 14 11
32 10 10
33 5 8
34 7 9
35 2 8
36 5 9
37 3 11
38 1 5
39 1 3
8
1 7
2 4
2 5
3 12
4 8
4 10
5 9
10 10
12 0 1 1 0 10 4 0
