157050
8
8 6 6 7 3 2 4 13
12
17 14
WWWWWWWWWWWWWW
W____________W
W____________W
W________O___W
W____________W
W____O_____OOW
W______O_O___W
W__OO__O_OOO_W
W___O__O_OOO_W
W___O_OO_OOO_W
W________OOO_W
W_____O__OOO_W
W_______OOOO_W
W________OOO_W
W____O_______W
W____________W
WWWWWWWWWWWWWW
2
0 10 6
1 15 6
16
2 8 8
3 6 8
4 7 8
6 9 8
7 6 6
8 5 6
9 11 4
10 10 4
11 10 5
12 10 3
13 13 5
14 13 4
15 13 6
16 11 7
17 14 7
18 1 2
8
2 2
2 7
7 8
11 6
14 12
15 9
15 11
15 12
0 0 0 2 0 0 0 2
38
17 14
WWWWWWWWWWWWWW
W____________W
W________O___W
W_______O____W
WO__O________W
W__O___O_O_O_W
W_________O__W
W_O_O__OOOOO_W
W_____O__OOO_W
W___O____OOO_W
W______OOOOO_W
W______O_OOO_W
W________OOO_W
W________OOO_W
W_______O____W
W____________W
WWWWWWWWWWWWWW
2
0 8 8
1 15 7
29
0 9 7
1 9 6
2 9 5
3 8 5
4 7 5
5 6 5
6 7 6
7 6 6
8 8 7
9 5 5
10 10 6
11 12 5
12 4 5
13 5 6
14 4 8
15 4 6
16 4 7
17 6 7
18 12 7
19 13 6
20 3 5
21 14 7
22 13 7
23 4 9
24 13 8
25 1 9
26 8 12
27 1 10
28 7 12
8
1 7
1 9
3 10
14 9
14 10
15 9
15 11
15 12
0 0 0 0 0 0 0 0
