232851
8
4 5 5 4 4 4 4 15
46
17 14
WWWWWWWWWWWWWW
W_______O____W
W______O_____W
W____________W
W_____O______W
W_OO__O______W
W_O__OO______W
W__OOOOOO____W
W__OOOOOO____W
W_____OO__O_OW
W_____OO__O__W
W_OOOOOOO____W
W_____OO_____W
W_____OO_____W
W_________O__W
W____________W
WWWWWWWWWWWWWW
2
0 6 3
1 15 12
37
0 4 4
1 9 11
2 7 11
3 10 9
4 10 11
5 10 12
6 8 11
7 8 10
8 6 11
9 11 9
10 7 10
11 11 11
12 11 12
13 12 12
14 13 12
15 13 11
16 5 4
17 12 11
18 3 4
19 3 5
20 6 4
21 5 5
22 3 6
23 9 9
24 5 11
25 3 11
26 3 7
27 2 4
28 1 4
29 4 3
30 4 2
31 3 3
32 4 1
33 5 1
34 6 1
35 13 9
36 14 5
8
9 4
10 12
11 1
12 2
12 3
14 3
15 3
15 5
0 0 0 0 0 1 0 0
2
17 14
WWWWWWWWWWWWWW
W____________W
W____________W
W______O_____W
WO___O__O____W
W_____O_OO__OW
W__O_________W
W__OOOOO_____W
W__OOOOO___O_W
W_OO_____OO__W
W_O___OO_OO__W
WO__OOOOO____W
W_____OO_____W
W__O_________W
W_____O______W
W____________W
WWWWWWWWWWWWWW
2
0 10 1
1 10 1
25
0 6 1
1 6 4
2 5 4
3 9 8
4 6 5
5 6 6
6 9 7
7 8 8
8 9 5
9 6 7
10 5 1
11 2 2
12 5 2
13 10 3
14 9 6
15 4 2
16 9 4
17 5 5
18 5 3
19 7 1
20 10 4
21 9 11
22 10 11
23 13 7
24 13 6
8
1 10
2 6
2 9
4 6
8 12
9 2
11 10
11 12
7 0 0 1 0 3 7 0
