250428
8
6 3 5 4 3 2 2 29
26
17 14
WWWWWWWWWWWWWW
W____________W
W_______OO___W
W_______OO___W
W_____OOOO___W
W_OO_O__OOO__W
W_______OO___W
W___O___OO___W
W___O____O___W
W_OOO________W
W_OOO___O__O_W
W__O_________W
W_____O___O__W
W_____O__OOO_W
W____OO____O_W
W________O___W
WWWWWWWWWWWWWW
2
0 11 8
1 5 12
12
0 13 4
1 14 4
2 5 11
3 4 12
4 3 12
5 2 12
6 1 4
7 1 5
8 3 3
9 4 3
10 3 2
11 2 1
8
1 10
2 3
2 4
2 6
2 11
4 3
4 11
11 2
0 0 0 1 0 3 0 0
15
17 14
WWWWWWWWWWWWWW
W____________W
W_______OO___W
W_______OO___W
W_____OOOO___W
W_O_OO__OOO__W
W_______OO___W
W___O___OO___W
W___O___O____W
W__OO________W
W__OO________W
W__O_________W
W____OO__O__OW
W_____OOOOOO_W
W_____O____O_W
W__O_________W
WWWWWWWWWWWWWW
2
0 15 2
1 7 10
18
0 9 2
1 8 2
2 12 2
3 14 5
4 4 1
5 3 1
6 3 11
7 6 11
8 6 10
9 4 11
10 5 11
11 2 11
12 13 2
13 15 10
14 15 11
15 15 9
16 1 5
17 1 2
8
1 10
2 11
6 12
7 12
9 1
15 5
15 8
15 9
0 0 1 1 0 0 0 0
