189842
8
5 4 5 6 2 2 4 11
3
17 14
WWWWWWWWWWWWWW
W____________W
W_________O__W
W___O_____O__W
W_O_____O____W
W_O_____O__O_W
W_O_____O__O_W
W_O_____O__O_W
W_O_____O__O_W
W_O_OO_______W
W_O_O___O____W
W_O___OOOOO__W
W_O_O___O____W
W_O_OO_______W
W_O_O_____O__W
W____________W
WWWWWWWWWWWWWW
2
0 7 4
1 10 10
15
1 13 9
2 13 3
3 6 4
4 5 4
5 11 3
6 12 10
7 4 4
8 12 9
9 12 11
10 12 3
12 1 5
13 1 6
14 3 9
15 9 1
16 11 1
8
1 9
2 9
3 9
5 12
6 3
6 10
10 12
15 4
0 0 0 3 0 0 0 1
8
17 14
WWWWWWWWWWWWWW
W____________W
W_________O__W
W_O_______O__W
WO______O___OW
W_O_____OO___W
W_O_____O__O_W
W_O_____O____W
W_O_______O__W
W_O_OO__O____W
W_O_O___O____W
W_O_O_OOOOO__W
W_O_O_______OW
W_O_OO______OW
W_O_O____O___W
W____________W
WWWWWWWWWWWWWW
2
0 4 10
1 10 9
18
0 1 4
1 1 5
2 1 9
3 14 3
4 11 3
5 15 2
6 13 3
7 12 3
8 10 3
9 15 3
10 15 1
11 12 1
12 11 1
13 9 1
14 10 1
15 7 1
16 8 1
17 5 1
8
1 4
3 7
4 1
10 10
11 1
13 1
15 3
15 5
0 0 0 0 0 13 0 0
