284065
8
7 7 5 3 5 4 3 22
32
17 14
WWWWWWWWWWWWWW
W____________W
W___O_O______W
W__OOOOOOO___W
W___OOO__O___W
W__O_OOO_____W
W___O_OO___O_W
W_O___O_OO___W
W_____O_O__O_W
W____OOO_____W
W____O___O___W
W______OOOOO_W
WO___________W
W_O__________W
W_O__________W
W____________W
WWWWWWWWWWWWWW
2
0 10 8
1 5 4
15
0 8 4
1 6 3
2 7 4
3 7 3
4 6 2
5 4 2
6 5 2
7 12 10
8 11 12
9 12 12
10 12 9
11 14 1
12 1 1
13 1 3
14 1 2
8
1 3
2 10
5 11
6 3
7 1
10 7
13 7
15 6
0 0 0 0 0 0 0 0
22
17 14
WWWWWWWWWWWWWW
W____________W
W___O_O______W
W__OOOOOOO___W
W___O_O_OO___W
W___O____O___W
W__OOOOO_O___W
W_____OO_____W
W_____O__O_O_W
W____OOO_O___W
W____O_______W
W_O____OOOOO_W
W_O__________W
W_O__________W
W_O__________W
W____________W
WWWWWWWWWWWWWW
2
0 5 5
1 14 7
16
0 11 6
1 11 4
2 10 4
3 11 5
4 9 4
5 11 3
6 8 4
7 12 8
8 7 8
9 1 10
10 1 9
11 2 10
12 3 2
13 2 2
14 1 5
15 1 2
8
2 9
3 1
3 10
6 10
8 2
8 4
10 6
13 11
0 0 1 0 0 0 1 0
