262614
8
3 5 5 3 2 3 3 12
26
17 14
WWWWWWWWWWWWWW
W____________W
W_________OO_W
W____________W
W___O______O_W
W__O_______O_W
W_OOOOOO___O_W
W__O__O__OO__W
W__O__OOOOOO_W
W_OOOO_OO____W
W__OO________W
W___O______O_W
W___O__O_O_O_W
W___O______O_W
W___O_O___OO_W
W____________W
WWWWWWWWWWWWWW
2
0 7 11
1 12 5
14
0 4 12
1 3 12
2 3 11
3 3 9
4 3 10
5 3 4
6 3 2
7 9 12
8 14 3
9 10 2
10 9 1
11 1 3
12 1 2
13 1 1
8
1 6
1 12
2 1
2 3
7 10
8 5
8 6
10 1
0 0 0 0 0 0 0 0
8
17 14
WWWWWWWWWWWWWW
W____________W
W_________OO_W
W____________W
W____O_____O_W
W__O_______O_W
W_OOOOOO___O_W
W__O_______O_W
W__O__OOOOOO_W
W_OOOO_OO____W
W__O_________W
W___O______O_W
W___O____O_O_W
W___O_____OO_W
W___O_O____O_W
W____________W
WWWWWWWWWWWWWW
2
0 4 4
1 5 12
13
0 2 4
1 3 10
2 3 11
3 3 7
4 3 8
5 5 7
6 5 8
7 6 8
8 5 1
9 10 2
10 14 5
11 15 3
12 15 4
8
3 7
3 11
8 5
8 6
9 1
10 1
11 7
14 10
0 0 4 0 0 0 0 0
