274894
8
1 5 3 5 1 4 4 18
16
17 14
WWWWWWWWWWWWWW
W____________W
W___OO_OO____W
W___OO_______W
W____O_______W
W____O___OOO_W
W___OO__OOO__W
W____OO______W
W____O_____O_W
W______O___O_W
W__OOOOO___O_W
W_______OO_O_W
W_O_______OO_W
W_O____OO__O_W
W_O_____O____W
W____________W
WWWWWWWWWWWWWW
2
0 10 9
1 11 7
15
0 12 7
1 12 9
2 4 9
3 2 6
4 5 7
5 4 8
6 11 4
7 7 11
8 11 5
9 7 10
10 11 6
11 11 3
12 8 8
13 8 9
14 9 9
8
1 1
1 3
3 9
7 2
7 8
11 3
14 11
15 1
0 0 0 0 0 0 0 0
2
17 14
WWWWWWWWWWWWWW
W____________W
W___OO_OO____W
W___OO_______W
W____O_______W
W____O___OOO_W
W___OOOOOOO__W
W____O_______W
W____O_____O_W
W__________O_W
W__OOOOOO__O_W
W__________O_W
W_O________O_W
W_O____OOOOO_W
W_O________O_W
W____________W
WWWWWWWWWWWWWW
2
0 9 2
1 11 6
8
0 5 2
1 8 9
2 9 3
3 4 12
4 3 8
5 4 8
6 5 8
7 1 11
8
1 1
4 4
7 11
8 7
9 1
9 10
10 10
15 1
0 0 0 0 0 7 0 0
