262972
8
3 7 6 3 5 3 4 21
26
17 14
WWWWWWWWWWWWWW
W___O________W
W____________W
W_O_OO__OO___W
W___OO_OOO___W
W__O__O__O___W
W____O____O__W
W________O___W
W___O_OOOOO__W
W_______OO___W
W__O____OO___W
W_______OO___W
W_O_____OO___W
W___O___OOOO_W
W__O__O______W
W____________W
WWWWWWWWWWWWWW
2
0 4 2
1 7 8
22
0 9 4
1 7 5
2 9 5
3 8 5
4 5 1
5 6 3
6 6 7
7 7 7
8 9 6
9 2 3
10 3 3
11 2 4
12 1 3
13 2 5
14 7 4
15 6 2
16 5 4
17 6 4
18 7 6
19 14 8
20 3 11
21 12 11
8
6 2
7 11
8 2
8 5
9 3
10 10
12 1
15 8
0 0 0 0 0 0 0 0
2
17 14
WWWWWWWWWWWWWW
W____________W
W_____O__O___W
W_OOOO___O___W
W___OOOOOO___W
W________O___W
W______O_O___W
W________O___W
W___OOO_OOO__W
W_______OOO__W
W_______OO___W
W_______OO___W
W__O____OO___W
W__O____OO_O_W
W_OO____O____W
W____________W
WWWWWWWWWWWWWW
2
0 12 10
1 11 5
13
0 6 3
1 7 3
2 4 11
3 13 10
4 9 11
5 5 3
6 10 5
7 9 5
8 11 6
9 4 1
10 1 1
11 1 10
12 1 8
8
2 2
2 4
3 1
3 6
5 8
6 2
8 7
10 7
0 0 0 0 0 14 0 0
