286947
8
4 4 3 7 2 3 4 21
19
17 14
WWWWWWWWWWWWWW
W____________W
W______O_O___W
W___O__O_____W
W_OOO________W
W_OOO____O___W
W_______OO___W
W__O_____O___W
W__O_____O___W
W_OO_OOO_O___W
W_OOOO___O___W
W_OO__O______W
W_OO__O______W
W_OO__O______W
W_OO__O______W
W____________W
WWWWWWWWWWWWWW
2
0 7 1
1 7 4
16
0 8 1
1 6 1
2 9 1
3 10 1
4 11 1
5 12 1
6 10 8
7 14 1
8 13 1
9 15 1
10 15 2
11 15 3
12 13 4
13 1 11
14 11 5
15 15 12
8
3 1
11 1
12 5
13 5
13 8
14 1
14 12
15 8
0 0 0 0 0 1 0 0
4
17 14
WWWWWWWWWWWWWW
W____________W
W___O__O_O___W
W______O_____W
W_OOO________W
W_OOOO___O___W
W_______OO___W
W________O___W
W__O_____O___W
W_OOOOOO_O___W
W_OO_O___O___W
W_OO__O______W
W_OO__O______W
W_OO__O______W
W_OO__O______W
W____________W
WWWWWWWWWWWWWW
2
0 12 9
1 5 1
11
0 6 1
1 10 1
2 7 1
3 8 8
4 13 1
5 15 4
6 15 7
7 15 6
8 14 5
9 13 5
10 1 11
8
1 7
3 12
11 1
11 10
12 5
14 4
14 12
15 8
7 0 0 0 0 0 0 0
