235231
8
8 3 5 5 5 3 3 28
50
17 14
WWWWWWWWWWWWWW
W____________W
W_O____O_____W
W_O_O__O_____W
W_OO________OW
W_OO___O_OOO_W
W_O__OOOO____W
W_O____O_____W
W___O_O__O_O_W
W_OO_______O_W
W__O_____O_O_W
W_OO___O_____W
W_O________O_W
W_O________O_W
W______O___O_W
W____________W
WWWWWWWWWWWWWW
2
0 4 10
1 11 8
13
0 4 9
1 4 8
2 4 7
3 9 6
4 9 5
5 8 5
6 9 8
7 1 8
8 10 7
9 2 10
10 3 6
11 8 8
12 3 9
8
2 3
4 6
5 5
8 8
12 9
12 10
13 5
15 2
0 0 0 0 0 0 0 0
26
17 14
WWWWWWWWWWWWWW
W____________W
W_O____O_____W
W_O_O__O_____W
W_OO___O_____W
W_OO___O_OOO_W
W_O__O_OO____W
W_O____O_O___W
W_O___OO___O_W
W_O___OO___O_W
W_O_________OW
W_O_________OW
W_____O_O___OW
W_O________O_W
W______O____OW
W____________W
WWWWWWWWWWWWWW
2
0 15 11
1 15 12
25
0 13 10
1 11 10
2 14 10
3 10 9
4 12 10
5 10 10
6 10 6
7 10 5
8 14 11
9 9 10
10 12 11
11 8 10
12 7 10
13 6 10
14 15 10
15 4 6
16 9 1
17 2 6
18 3 1
19 4 1
20 2 1
21 1 5
22 1 1
23 1 4
24 1 2
8
2 3
2 10
2 11
2 12
4 5
4 9
4 11
9 12
0 0 0 0 0 0 0 0
