206367
8
4 4 4 4 2 4 3 14
36
17 14
WWWWWWWWWWWWWW
W____________W
W____________W
W____________W
W_O__________W
W____________W
W__OOOOO___O_W
W__O__OOO__O_W
W_____OOO____W
W___OOO_OO___W
W_O_OOO______W
W___OOOOOOO__W
W____OO_OOOO_W
W_O____O_____W
W_O______OO__W
W____________W
WWWWWWWWWWWWWW
2
0 15 10
1 9 7
17
0 10 10
1 9 10
2 8 10
3 5 10
4 7 10
5 6 10
6 5 11
7 4 10
8 10 8
9 10 9
10 13 8
11 1 8
12 1 7
13 2 7
14 1 4
15 1 3
16 1 2
8
1 4
1 6
5 2
10 4
10 11
11 2
13 1
13 10
0 0 0 1 0 0 0 0
22
17 14
WWWWWWWWWWWWWW
W____________W
W____________W
W____________W
W_O__________W
W______O_____W
W__OOOO____O_W
W_______O__O_W
W_____O_O____W
W_OOOOOOOO___W
W__O_O__O____W
W___OOOOOOO__W
W____OO_OOOO_W
W_O___O_O____W
W_O_______O__W
W____________W
WWWWWWWWWWWWWW
2
0 10 10
1 13 9
20
0 6 10
1 7 10
2 4 10
3 3 10
4 5 10
5 2 10
6 2 11
7 4 11
8 9 10
9 1 10
10 1 9
11 1 8
12 1 6
13 1 4
14 1 3
15 2 3
16 3 2
17 1 2
18 2 2
19 1 1
8
1 6
1 8
3 2
4 12
7 4
10 4
10 7
13 4
0 0 3 0 0 0 0 0
